19146621
19146622
19146623
19146624
19146625
19146626
19146627
19146628
19146629
19146630
19146631
19146632
19146633
19146634
19146635
19146636
19146637
19146638
19146639
19146640
19146641
19146642
19146643
19146644
19146645
19146646
19146647
19146648
19146649
19146650
19146651
19146652
19146653
19146654
19146655
19146656
19146657
19146658
19146659
19146660
19146661
19146662
19146663
19146664
19146665
19146666
19146667
19146668
19146669
19146670
19146671
19146672
19146673
19146674
19146675
19146676
19146677
19146678
19146679
19146680
19146681
19146682
19146683
19146684
19146685
19146686
19146687
19146688
19146689
19146690
19146691
19146692
19146693
19146694
19146695
19146696
19146697
19146698
19146699
19146700
19146701
19146702
19146703
19146704
19146705
19146706
19146707
19146708
19146709
19146710
19146711
19146712
19146713
19146714
19146715
19146716
19146717
19146718
19146719
19146720
19146721
19146722
19146723
19146724
19146725
19146726
19146727
19146728
19146729
19146730
19146731
19146732
19146733
19146734
19146735
19146736
19146737
19146738
19146739
19146740
19146741
19146742
19146743
19146744
19146745
19146746
19146747
19146748
19146749
19146750
19146751
19146752
19146753
19146754
19146755
19146756
19146757
19146758
19146759
19146760
19146761
19146762
19146763
19146764
19146765
19146766
19146767
19146768
19146769
19146770
19146771
19146772
19146773
19146774
19146775
19146776
19146777
19146778
19146779
19146780
19146781
19146782
19146783
19146784
19146785
19146786
19146787
19146788
19146789
19146790
19146791
19146792
19146793
19146794
19146795
19146796
19146797
19146798
19146799
19146800
19146801
19146802
19146803
19146804
19146805
19146806
19146807
19146808
19146809
19146810
19146811
19146812
19146813
19146814
19146815
19146816
19146817
19146818
19146819
19146820
19146821
19146822
19146823
19146824
19146825
19146826
19146827
19146828
19146829
19146830
19146831
19146832
19146833
19146834
19146835
19146836
19146837
19146838
19146839
19146840
19146841
19146842
19146843
19146844
19146845
19146846
19146847
19146848
19146849
19146850
19146851
19146852
19146853
19146854
19146855
19146856
19146857
19146858
19146859
19146860
19146861
19146862
19146863
19146864
19146865
19146866
19146867
19146868
19146869
19146870
19146871
19146872
19146873
19146874
19146875
19146876
19146877
19146878
19146879
19146880
19146881
19146882
19146883
19146884
19146885
19146886
19146887
19146888
19146889
19146890
19146891
19146892
19146893
19146894
19146895
19146896
19146897
19146898
19146899
19146900
19146901
19146902
19146903
19146904
19146905
19146906
19146907
19146908
19146909
19146910
19146911
19146912
19146913
19146914
19146915
19146916
19146917
19146918
19146919
19146920
19146921
19146922
19146923
19146924
19146925
19146926
19146927
19146928
19146929
19146930
19146931
19146932
19146933
19146934
19146935
19146936
19146937
19146938
19146939
19146940
19146941
19146942
19146943
19146944
19146945
19146946
19146947
19146948
19146949
19146950
19146951
19146952
19146953
19146954
19146955
19146956
19146957
19146958
19146959
19146960
19146961
19146962
19146963
19146964
19146965
19146966
19146967
19146968
19146969
19146970
19146971
19146972
19146973
19146974
19146975
19146976
19146977
19146978
19146979
19146980
19146981
19146982
19146983
19146984
19146985
19146986
19146987
19146988
19146989
19146990
19146991
19146992
19146993
19146994
19146995
19146996
19146997
19146998
19146999
19147000
19147001
19147002
19147003
19147004
19147005
19147006
19147007
19147008
19147009
19147010
19147011
19147012
19147013
19147014
19147015
19147016
19147017
19147018
19147019
19147020
19147021
19147022
19147023
19147024
19147025
19147026
19147027
19147028
19147030
19147029
19147031
19147032
19147033
19147034
19147036
19147035
19147037
19147038
19147039
19147040
19147041
19147042
19147043
19147044
19147045
19147046
19147047
19147048
19147048
19147049
19147050
19147051
19147052
19539225
19539226
19539227
19539228
19539229
19539230
19539231
19539232
19539234
19539233
19539235
19539236
19539237
19539238
19539239
19539252
19539253
19539254
19539255
19539256
19539257
19539258
19539259
19539260
19539261
19539262
19539263
19539264
19539265
19539266
19539267
19539268
19539269
19539270
19539271
19539272
19539273
19539274
19539275
19539276
19539277
19539278
19539279
19539280
19539281
19539282
19539283
19539284
19539285
19539286
19539287
19539288
19539289
19539290
19539291
19539292
19539293
19539294
19539295
19555053
19555054
19555055
19555056
19555057
19555058
19555059
19555060
19555061
19555062
19555063
19555064
19555065
19555066
19555067
19555452
19555453
19555454
19555455
19555456
19555457
19555458
19555459
19555505
19555506
19555507
19555508
19555509
19555510
